transient int(0 .. 4320)[] L_Band_Inmarsat_3F2_data = [89, 182, 187, 280, 283, 375, 378, 471, 474, 567, 572, 665, 673, 766, 774, 867, 871, 964, 967, 1060, 1063, 1156, 1159, 1251, 1256, 1349, 1356, 1449, 1458, 1550, 1556, 1649, 1652, 1745, 1748, 1841, 1843, 1936, 1940, 2033, 2040, 2133, 2141, 2234, 2241, 2333, 2337, 2430, 2433, 2526, 2528, 2621, 2625, 2717, 2723, 2816, 2825, 2918, 2925, 3018, 3022, 3115, 3118, 3211, 3213, 3306, 3309, 3402, 3407, 3500, 3508, 3601, 3609, 3702, 3707, 3800, 0];
transient int(0 .. 4320)[] L_Band_Inmarsat_3F3_data = [45, 138, 142, 235, 238, 331, 333, 426, 429, 522, 528, 621, 629, 722, 729, 822, 827, 920, 923, 1016, 1018, 1111, 1114, 1207, 1212, 1305, 1313, 1406, 1414, 1506, 1512, 1604, 1608, 1701, 1703, 1796, 1799, 1892, 1896, 1989, 1996, 2089, 2098, 2190, 2196, 2289, 2293, 2385, 2388, 2481, 2484, 2577, 2580, 2673, 2680, 2773, 2781, 2874, 2881, 2973, 2977, 3070, 3073, 3166, 3168, 3261, 3265, 3358, 3363, 3456, 3465, 3558, 3565, 3658, 3662, 3755, 3758, 3851, 0];
transient int(0 .. 4320)[] Sun_data = [19, 77, 111, 169, 203, 261, 294, 352, 386, 444, 478, 536, 570, 628, 661, 719, 753, 811, 845, 903, 937, 995, 1028, 1087, 1120, 1178, 1212, 1270, 1303, 1362, 1395, 1454, 1487, 1545, 1579, 1637, 1670, 1729, 1762, 1821, 1854, 1913, 1946, 2004, 2037, 2096, 2129, 2188, 2221, 2280, 2313, 2372, 2404, 2463, 2496, 2555, 2588, 2647, 2680, 2739, 2771, 2831, 2863, 2922, 2955, 3014, 3047, 3106, 3138, 3198, 3230, 3289, 3322, 3381, 3413, 3473, 3505, 3565, 3597, 3657, 3689, 3748, 3780, 3840, 3872, 3932, 0];
transient int(0 .. 4320)[] UHF_data = [1015, 1019, 1107, 1116, 1201, 1211, 1296, 1306, 1392, 1400, 1489, 1492, 2481, 2489, 2575, 2584, 2670, 2680, 2765, 2774, 2861, 2868, 0];
transient int(0 .. 4320)[] X_Band_Kourou_data = [399, 408, 496, 502, 1089, 1096, 1183, 1192, 1773, 1781, 1867, 1877, 2556, 2566, 2653, 2659, 3240, 3250, 3339, 3343, 0];
transient int(0 .. 4320)[] X_Band_Toulouse_data = [114, 123, 1010, 1017, 1103, 1113, 1199, 1209, 1296, 1305, 1391, 1401, 1487, 1497, 1584, 1589, 2477, 2486, 2572, 2582, 2668, 2678, 2765, 2774, 2860, 2870, 2956, 2964, 0];

//The following sizes are the maximum array index sizes plus the '0' to prevent array out of bounds in modest so (0 .. *_data_size)
const int L_Band_Inmarsat_3F2_data_size = 75;
const int L_Band_Inmarsat_3F3_data_size = 77;
const int Sun_data_size = 85;
const int UHF_data_size = 21;
const int X_Band_Kourou_data_size = 19;
const int X_Band_Toulouse_data_size = 27;
